0.999987 1.2517e-05
1.99999 1.39475e-05
2.99999 1.38283e-05
3.99999 1.38283e-05
4.99999 1.43051e-05
5.99999 1.43051e-05
6.99999 1.4782e-05
7.99998 1.52588e-05
8.99998 1.52588e-05
9.99998 1.52588e-05
1.00023 -0.000232697
2.00024 -0.000235319
3.00024 -0.000235319
4.00024 -0.000235558
5.00024 -0.000236034
6.00024 -0.000236034
7.00024 -0.000236988
8.00024 -0.000237465
9.00024 -0.000236511
10.0002 -0.000237465
0.997688 0.00231206
1.99769 0.00231481
2.99769 0.00231481
3.99768 0.00231504
4.99768 0.00231504
5.99768 0.00231647
6.99768 0.002316
7.99768 0.00231552
8.99768 0.00231647
9.99768 0.00231647
0.993074 0.00692588
1.99307 0.00692654
2.99307 0.00692677
3.99307 0.00692677
4.99307 0.00692654
5.99307 0.00692749
6.99307 0.00692701
7.99307 0.00692654
8.99307 0.00692749
9.99307 0.00692844
1.07059 -0.0705866
2.07059 -0.0705874
3.07059 -0.0705874
4.07059 -0.0705876
5.07059 -0.0705876
6.07059 -0.0705876
7.07059 -0.0705876
8.07059 -0.0705881
9.07059 -0.0705881
10.0706 -0.0705881
0.866668 0.133332
1.86667 0.133332
2.86667 0.133332
3.86667 0.133332
4.86667 0.133332
5.86667 0.133332
6.86667 0.133332
7.86667 0.133333
8.86667 0.133332
9.86667 0.133333
-4 5
-3 5
-2 5
-1 5
2.95039e-07 5
1 5
2 5
3 5
4 5
5 5
-4 5
-3 5
-2 5
-1 5
2.95039e-07 5
1 5
2 5
3 5
4 5
5 5
-4 5
-3 5
-2 5
-1 5
2.95039e-07 5
1 5
2 5
3 5
4 5
5 5
-4 5
-3 5
-2 5
-1 5
2.95039e-07 5
1 5
2 5
3 5
4 5
5 5
-4 5
-3 5
-2 5
-1 5
2.95039e-07 5
1 5
2 5
3 5
4 5
5 5
-4 5
-3 5
-2 5
-1 5
2.95039e-07 5
1 5
2 5
3 5
4 5
5 5
-4 5
-3 5
-2 5
-1 5
2.95039e-07 5
1 5
2 5
3 5
4 5
5 5
-4 5
-3 5
-2 5
-1 5
2.95039e-07 5
1 5
2 5
3 5
4 5
5 5
-4 5
-3 5
-2 5
-1 5
2.95039e-07 5
1 5
2 5
3 5
4 5
5 5
-4 5
-3 5
-2 5
-1 5
2.95039e-07 5
1 5
2 5
3 5
4 5
5 5
